data = [14.412231
14.639916
15.346788
16.612339
18.600687
21.630566
26.349085
34.230453
49.413094
89.429321
464.190308
147.545624
64.211510
41.300331
30.592588
24.391403
20.346199
17.498064
15.382883
13.748800
12.447409
11.385624
10.502126
9.754889
9.114157
8.558268
8.071082
7.640328
7.256509
6.912160
6.601332
6.319223
6.061918
5.826189
5.609351
5.409152
5.223691
5.051347
4.890735
4.740660
4.600085
4.468110
4.343944
4.226893
4.116346
4.011759
3.912649
3.818584
3.729178
3.644085
3.562991
3.485613
3.411695
3.341004
3.273329
3.208476
3.146267
3.086542
3.029150
2.973955
2.920830
2.869660
2.820335
2.772756
2.726830
2.682471
2.639599
2.598140
2.558022
2.519182
2.481558
2.445094
2.409735
2.375432
2.342138
2.309808
2.278400
2.247876
2.218198
2.189330
2.161241
2.133899
2.107274
2.081338
2.056064
2.031428
2.007406
1.983974
1.961111
1.938797
1.917012
1.895737
1.874955
1.854649
1.834802
1.815399
1.796426
1.777869
1.759713
1.741946
1.724555
1.707530
1.690858
1.674529
1.658533
1.642858
1.627497
1.612439
1.597676
1.583199
1.569000
1.555071
1.541405
1.527994
1.514831
1.501911
1.489225
1.476768
1.464534
1.452517
1.440711
1.429111
1.417712
1.406508
1.395495
1.384668
1.374022
1.363553
1.353256
1.343128
1.333165
1.323362
1.313716
1.304223
1.294880
1.285683
1.276629
1.267714
1.258936
1.250292
1.241778
1.233392
1.225131
1.216992
1.208973
1.201071
1.193284
1.185609
1.178044
1.170586
1.163235
1.155986
1.148839
1.141791
1.134840
1.127984
1.121222
1.114552
1.107972
1.101479
1.095073
1.088752
1.082515
1.076358
1.070282
1.064285
1.058365
1.052521
1.046751
1.041054
1.035430
1.029875
1.024390
1.018973
1.013623
1.008339
1.003119
0.997962
0.992868
0.987836
0.982864
0.977951
0.973096
0.968298
0.963557
0.958872
0.954241
0.949664
0.945140
0.940667
0.936246
0.931875
0.927554
0.923281
0.919057
0.914880
0.910749
0.906664
0.902625
0.898629
0.894678
0.890770
0.886904
0.883080
0.879298
0.875556
0.871854
0.868192
0.864569
0.860984
0.857436
0.853927
0.850453
0.847016
0.843615
0.840249
0.836918
0.833621
0.830358
0.827128
0.823931
0.820767
0.817635
0.814534
0.811464
0.808425
0.805417
0.802438
0.799489
0.796569
0.793678
0.790816
0.787981
0.785174
0.782395
0.779643
0.776917
0.774218
0.771544
0.768897
0.766275
0.763677
0.761105
0.758557
0.756034
0.753534
0.751058
0.748605
0.746175
0.743768
0.741384
0.739021
0.736681
0.734363
0.732066
0.729790
0.727535
0.725301
0.723088
0.720895
0.718722
0.716568
0.714435
0.712321
0.710226
0.708150
0.706093
0.704054
0.702034
0.700032
0.698048
0.696082
0.694134
0.692203
0.690289
0.688392
0.686512
0.684649
0.682802
0.680972
0.679158
0.677360
0.675578
0.673812
0.672061
0.670326
0.668606
0.666901
0.665211
0.663535
0.661875
0.660229
0.658597
0.656980
0.655377
0.653788
0.652212
0.650651
0.649103
0.647568
0.646047
0.644539
0.643044
0.641562
0.640093
0.638637
0.637193
0.635762
0.634343
0.632937
0.631543
0.630161
0.628790
0.627432
0.626086
0.624751
0.623428
0.622116
0.620815
0.619526
0.618248
0.616981
0.615725
0.614480
0.613246
0.612023
0.610810
0.609608
0.608416
0.607235
0.606064
0.604903
0.603752
0.602611
0.601481
0.600360
0.599249
0.598148
0.597056
0.595974
0.594902
0.593839
0.592786
0.591741
0.590706
0.589681
0.588664
0.587656
0.586658
0.585668
0.584687
0.583715
0.582752
0.581797
0.580851
0.579913
0.578984
0.578064
0.577152
0.576248
0.575352
0.574465
0.573585
0.572714
0.571851
0.570996
0.570148
0.569309
0.568477
0.567654
0.566838
0.566029
0.565229
0.564435
0.563650
0.562872
0.562101
0.561338
0.560582
0.559833
0.559092
0.558358
0.557631
0.556912
0.556199
0.555493
0.554795
0.554103
0.553419
0.552741
0.552070
0.551406
0.550749
0.550098
0.549455
0.548818
0.548187
0.547563
0.546946
0.546335
0.545731
0.545134
0.544542
0.543958
0.543379
0.542807
0.542241
0.541682
0.541129
0.540582
0.540041
0.539506
0.538978
0.538455
0.537939
0.537429
0.536924
0.536426
0.535934
0.535448
0.534967
0.534493
0.534025
0.533562
0.533105
0.532654
0.532209
0.531769
0.531335
0.530907
0.530485
0.530068
0.529657
0.529252
0.528852
0.528458
0.528069
0.527686
0.527309
0.526936
0.526570
0.526209
0.525853
0.525503
0.525158
0.524819
0.524485
0.524156
0.523833
0.523515
0.523203
0.522895
0.522593
0.522297
0.522005
0.521719
0.521438
0.521162
0.520892
0.520626
0.520366
0.520111
0.519861
0.519616
0.519377
0.519142
0.518913
0.518689
0.518470
0.518255
0.518046
0.517842
0.517644
0.517450
0.517261
0.517077
0.516898
0.516724
0.516555
0.516391
0.516232
0.516079
0.515930
0.515786
0.515646
0.515512
0.515383
0.515259
0.515139
0.515025
0.514916
0.514811
0.514711
0.514616
0.514526
0.514441
0.514361
0.514286
0.514215
0.514150
0.514089
0.514033
0.513982
0.513936
0.513895
0.513859
0.513827
0.513801
0.513779
0.513762
0.513750
0.513742
0.513740
0.513742
0.513750
0.513762
0.513779
0.513801
0.513827
0.513859
0.513895
0.513936
0.513982
0.514033
0.514089
0.514150
0.514215
0.514286
0.514361
0.514441
0.514526
0.514616
0.514711
0.514811
0.514916
0.515025
0.515139
0.515259
0.515383
0.515512
0.515646
0.515786
0.515930
0.516079
0.516232
0.516391
0.516555
0.516724
0.516898
0.517077
0.517261
0.517450
0.517644
0.517842
0.518046
0.518255
0.518470
0.518689
0.518913
0.519142
0.519377
0.519616
0.519861
0.520111
0.520366
0.520626
0.520892
0.521162
0.521438
0.521719
0.522005
0.522297
0.522593
0.522895
0.523203
0.523515
0.523833
0.524156
0.524485
0.524819
0.525158
0.525503
0.525853
0.526209
0.526570
0.526936
0.527309
0.527686
0.528069
0.528458
0.528852
0.529252
0.529657
0.530068
0.530485
0.530907
0.531335
0.531769
0.532209
0.532654
0.533105
0.533562
0.534025
0.534493
0.534967
0.535448
0.535934
0.536426
0.536924
0.537429
0.537939
0.538455
0.538978
0.539506
0.540041
0.540582
0.541129
0.541682
0.542241
0.542807
0.543379
0.543958
0.544542
0.545134
0.545731
0.546335
0.546946
0.547563
0.548187
0.548818
0.549455
0.550098
0.550749
0.551406
0.552070
0.552741
0.553419
0.554103
0.554795
0.555493
0.556199
0.556912
0.557631
0.558358
0.559092
0.559833
0.560582
0.561338
0.562101
0.562872
0.563650
0.564435
0.565229
0.566029
0.566838
0.567654
0.568477
0.569309
0.570148
0.570996
0.571851
0.572714
0.573585
0.574465
0.575352
0.576248
0.577152
0.578064
0.578984
0.579913
0.580851
0.581797
0.582752
0.583715
0.584687
0.585668
0.586658
0.587656
0.588664
0.589681
0.590706
0.591741
0.592786
0.593839
0.594902
0.595974
0.597056
0.598148
0.599249
0.600360
0.601481
0.602611
0.603752
0.604903
0.606064
0.607235
0.608416
0.609608
0.610810
0.612023
0.613246
0.614480
0.615725
0.616981
0.618248
0.619526
0.620815
0.622116
0.623428
0.624751
0.626086
0.627432
0.628790
0.630161
0.631543
0.632937
0.634343
0.635762
0.637193
0.638637
0.640093
0.641562
0.643044
0.644539
0.646047
0.647568
0.649103
0.650651
0.652212
0.653788
0.655377
0.656980
0.658597
0.660229
0.661875
0.663535
0.665211
0.666901
0.668606
0.670326
0.672061
0.673812
0.675578
0.677360
0.679158
0.680972
0.682802
0.684649
0.686512
0.688392
0.690289
0.692203
0.694134
0.696082
0.698048
0.700032
0.702034
0.704054
0.706093
0.708150
0.710226
0.712321
0.714435
0.716568
0.718722
0.720895
0.723088
0.725301
0.727535
0.729790
0.732066
0.734363
0.736681
0.739021
0.741384
0.743768
0.746175
0.748605
0.751058
0.753534
0.756034
0.758557
0.761105
0.763677
0.766275
0.768897
0.771544
0.774218
0.776917
0.779643
0.782395
0.785174
0.787981
0.790816
0.793678
0.796569
0.799489
0.802438
0.805417
0.808425
0.811464
0.814534
0.817635
0.820767
0.823931
0.827128
0.830358
0.833621
0.836918
0.840249
0.843615
0.847016
0.850453
0.853927
0.857436
0.860984
0.864569
0.868192
0.871854
0.875556
0.879298
0.883080
0.886904
0.890770
0.894678
0.898629
0.902625
0.906664
0.910749
0.914880
0.919057
0.923281
0.927554
0.931875
0.936246
0.940667
0.945140
0.949664
0.954241
0.958872
0.963557
0.968298
0.973096
0.977951
0.982864
0.987836
0.992868
0.997962
1.003119
1.008339
1.013623
1.018973
1.024390
1.029875
1.035430
1.041054
1.046751
1.052521
1.058365
1.064285
1.070282
1.076358
1.082515
1.088752
1.095073
1.101479
1.107972
1.114552
1.121222
1.127984
1.134840
1.141791
1.148839
1.155986
1.163235
1.170586
1.178044
1.185609
1.193284
1.201071
1.208973
1.216992
1.225131
1.233392
1.241778
